18.59412	46.31541	7	118	0	0	0	0	2	139	0	0	0	0	0	0	1	5	112	0	0	0	5	129	0	0	0	1	155	0	0	0	3	145	0	0	0	0
18.4475	45.9125	5	305	1	0	0	0	4	346	0	0	0	0	1	0	0	12	355	3	0	0	12	362	0	0	1	3	355	6	0	0	5	360	0	0	0	0
18.41029	46.22104	6	356	0	0	0	0	14	376	0	0	0	0	0	0	0	12	346	0	0	0	10	370	0	0	0	20	355	0	1	0	5	352	0	0	0	0
18.62696	46.07095	1	150	5	0	0	0	3	182	0	0	0	0	1	0	0	3	179	0	0	0	5	227	1	0	0	2	219	6	0	0	6	217	1	0	0	0
18.59	46.25833	3	88	0	0	0	0	0	112	0	0	0	0	0	0	0	6	100	0	0	0	5	93	10	3	3	4	107	0	0	0	6	99	0	0	0	0
18.43358	45.89755	1	321	1	0	0	0	5	405	0	0	0	0	4	0	0	10	390	3	0	0	4	461	2	0	0	49	402	0	0	0	7	468	0	0	0	0
18.59024	46.25852	7	310	0	0	0	0	1	349	0	0	0	0	0	0	0	1	294	0	0	0	28	312	0	0	0	18	266	0	0	0	7	285	0	0	0	0
18.46355	46.16354	1	120	0	0	0	0	8	146	0	0	0	0	0	0	0	0	130	0	0	0	6	160	0	0	0	7	171	0	0	0	8	169	0	0	0	0
18.58333	46.1	13	508	7	0	0	0	11	620	0	0	0	0	0	0	0	2	622	6	0	1	17	640	0	0	0	6	659	0	0	0	8	688	0	0	0	0
18.05889	46.15237	6	128	0	1	0	0	25	120	0	0	0	0	0	0	0	24	120	0	0	0	15	177	0	0	0	7	184	0	0	0	9	232	1	0	0	0
18.07001	46.26015	8	180	0	0	0	0	4	194	0	0	0	0	0	0	0	10	179	0	0	0	6	200	0	0	0	8	203	0	0	0	9	199	0	0	0	0
18.38437	45.95933	5	264	0	0	0	0	2	309	0	0	0	2	0	0	0	1	273	9	0	0	12	298	1	0	2	5	285	1	0	0	11	247	0	0	0	1
18.48038	46.18684	0	373	0	0	0	0	0	407	0	0	0	0	0	0	0	16	355	0	0	1	19	376	3	0	0	12	348	1	0	0	12	363	0	0	0	0
18.15	46.13333	10	152	0	0	0	0	11	168	0	0	0	0	0	0	0	14	145	0	0	8	24	136	0	0	0	13	130	0	0	4	12	149	0	0	0	0
18.37363	46.34895	12	313	1	0	0	0	1	325	0	0	0	0	0	0	0	1	316	0	0	0	44	250	0	0	0	12	291	0	0	0	13	307	0	0	0	0
18.17438	46.18934	15	246	0	0	0	0	9	238	0	0	0	0	0	0	1	20	213	0	0	9	12	213	0	0	16	20	173	0	0	0	13	187	0	0	0	0
18.47083	45.90972	9	202	146	0	0	0	3	275	0	0	0	0	134	0	0	10	259	126	0	0	1	299	113	0	0	7	309	109	0	1	14	344	13	0	0	0
18.44484	46.37536	10	476	0	0	0	0	8	529	0	0	0	0	0	0	0	8	570	0	0	0	14	578	0	0	0	8	582	0	0	0	14	606	0	0	0	0
18.47317	46.53749	18	835	0	1	0	0	25	1025	0	0	0	0	0	0	0	62	1065	0	2	0	46	1069	0	0	0	25	1006	0	0	0	14	1114	0	0	0	1
18.35077	46.16414	8	313	0	1	0	0	7	314	0	0	0	0	0	0	0	21	277	0	0	0	26	288	0	0	0	23	284	0	0	0	16	303	0	0	0	0
18.4144	46.00962	14	251	0	0	0	0	4	321	0	0	0	3	0	0	0	36	317	0	0	0	60	314	11	0	0	10	331	0	0	0	16	353	0	0	1	0
18.26494	46.19278	4	257	0	1	0	0	12	243	0	0	0	0	0	0	0	13	245	0	0	0	13	237	0	0	0	13	234	0	0	0	17	250	0	0	0	1
18.65972	45.90056	10	246	2	0	0	0	13	301	0	0	0	0	0	0	0	6	327	7	0	0	17	381	9	1	0	205	376	17	0	20	17	395	7	0	0	0
18.59024	46.25852	27	395	0	0	0	0	16	432	0	0	0	0	1	0	1	11	410	0	0	0	43	468	78	5	108	17	423	0	2	1	17	457	0	0	0	0
17.83449	46.15668	11	114	0	0	0	0	5	101	0	0	0	6	0	0	0	18	89	0	0	1	23	82	1	0	1	18	91	1	1	1	19	78	2	0	0	0
18.47639	46.01045	12	325	172	0	0	0	20	383	0	0	0	197	0	0	2	12	408	157	1	0	125	416	137	0	0	16	427	1	0	132	20	417	4	0	124	0
18.30249	46.29551	16	407	1	0	0	0	2	514	0	0	0	0	0	0	0	6	492	0	0	0	16	511	0	0	0	22	501	0	0	0	20	536	0	0	0	0
18.38724	46.03466	21	460	1	0	0	0	62	493	0	0	0	5	0	0	1	28	519	1	0	0	14	565	0	0	0	46	546	1	0	1	20	589	4	0	0	1
18.51625	46.04571	8	506	253	0	0	0	14	664	0	0	0	259	6	0	0	26	608	213	0	6	65	729	209	0	0	29	764	188	0	2	21	790	4	0	9	1
18.26861	46.22833	11	172	0	0	0	0	4	207	0	0	0	0	0	0	0	14	193	0	0	0	5	213	0	0	0	5	205	1	0	0	21	214	0	0	0	29
18.61083	46.28667	22	506	72	2	1	0	25	588	0	0	0	0	65	1	0	37	560	52	0	0	85	537	44	0	15	37	552	43	1	0	21	547	3	0	0	43
18.44556	45.93611	16	269	188	0	0	0	3	317	0	0	0	0	247	0	4	1	300	222	0	3	16	326	206	0	1	14	307	187	0	0	22	420	8	0	0	0
18.49778	45.81917	8	422	4	0	0	0	84	404	0	0	0	9	3	0	0	17	415	9	0	0	35	440	1	0	3	26	412	0	0	0	23	423	0	0	0	2
18.41377	46.31469	35	909	0	0	0	0	32	969	0	0	0	0	0	0	0	55	903	0	0	0	33	917	1	0	0	22	928	2	1	0	23	865	2	0	0	0
18.47025	46.2781	16	494	0	0	0	0	14	663	0	0	0	0	0	0	1	14	573	0	0	0	15	586	0	0	0	13	607	0	0	0	26	598	0	0	0	0
18.56638	46.03571	7	433	2	0	0	0	11	624	0	0	0	1	2	0	0	4	575	7	0	0	8	610	3	0	0	15	649	2	0	0	27	634	0	0	0	0
18.17861	45.99583	10	301	1	0	0	0	21	370	0	0	0	0	0	0	0	16	431	2	0	0	20	507	1	0	0	19	508	0	0	1	28	546	0	0	0	1
18.41961	46.35534	25	792	1	0	1	0	50	911	1	0	0	0	0	0	0	77	862	0	0	0	97	813	0	0	0	18	772	0	0	0	28	771	0	0	0	0
18.49154	46.29957	17	1190	0	0	0	0	25	1246	0	0	0	0	0	0	0	24	1202	1	0	0	36	1192	1	0	0	27	1178	0	0	0	29	1178	0	0	0	0
18.47385	46.15593	27	444	0	0	0	0	34	512	0	0	0	0	0	0	0	16	450	0	0	0	15	475	0	0	0	12	456	0	0	0	30	467	0	0	0	0
18.48415	46.12453	7	310	1	1	0	0	32	387	0	0	0	1	0	0	0	11	404	0	0	0	30	478	0	0	1	33	448	0	0	0	31	446	0	0	0	0
18.44889	46.32861	44	416	0	0	0	0	41	438	0	0	0	0	0	0	0	30	424	1	0	0	35	392	1	0	0	27	407	0	0	0	32	437	1	0	0	0
18.60397	46.04452	18	685	0	0	0	0	28	929	0	0	0	0	5	0	0	34	884	1	0	1	65	997	0	0	2	28	1048	0	0	12	33	1072	0	0	0	1
18.62696	46.07095	14	347	143	0	0	0	18	508	3	0	0	13	33	0	8	18	502	124	0	3	32	597	154	0	0	23	608	85	0	0	35	637	2	0	0	0
18.53465	45.99265	19	744	2	0	0	0	10	865	0	0	0	11	3	0	0	26	787	6	0	0	31	856	1	0	28	16	815	0	0	6	36	846	1	0	2	0
18.44838	46.00066	26	606	3	1	0	0	30	723	0	0	0	7	0	0	0	25	680	2	0	0	29	772	1	0	0	16	838	3	0	1	36	874	0	0	6	0
18.2375	45.94861	63	6	261	0	0	0	71	10	0	0	0	298	0	0	0	53	35	335	0	0	49	6	350	0	1	37	4	344	0	0	36	0	0	0	340	8
18.48021	46.36885	9	689	1	0	0	0	9	708	0	0	0	0	0	0	0	23	649	0	0	0	14	672	0	0	0	6	696	0	0	0	37	675	0	0	0	0
18.71644	46.05313	12	626	11	0	0	0	50	722	0	0	0	1	26	0	0	62	635	4	0	0	74	690	5	0	0	9	726	4	0	1	37	682	1	0	0	1
18.48742	46.46151	12	709	0	0	0	0	24	701	0	0	0	0	0	0	0	28	698	0	0	0	18	644	0	0	24	20	654	0	0	0	37	625	0	0	0	1
18.44838	46.00066	12	390	0	0	0	0	18	514	0	0	0	1	0	0	0	15	498	0	0	0	24	542	0	0	0	9	604	6	0	0	40	630	2	0	7	0
18.29853	45.93896	119	22	101	0	0	0	30	125	0	0	0	0	179	0	1	39	135	193	0	0	40	149	222	0	9	28	141	188	0	0	40	145	0	0	173	1
18.33342	46.39118	7	1059	1	0	0	0	64	1779	0	0	0	1	0	0	0	53	1170	1	0	0	113	1116	0	0	1	80	1102	0	1	2	41	1092	0	1	0	1
18.41635	46.39454	5	812	0	0	0	0	16	847	0	0	0	5	0	0	1	24	854	2	0	1	42	832	2	0	0	38	809	1	0	0	42	850	0	0	0	0
18.58639	45.86472	8	424	176	0	0	0	27	453	0	0	0	6	174	0	0	29	461	137	0	0	28	479	139	0	4	8	474	107	0	0	43	520	12	0	0	1
18.15	46.13333	35	198	0	0	0	0	52	217	0	0	0	0	0	0	27	65	198	0	0	26	49	176	1	0	17	33	158	0	0	38	43	166	0	0	0	20
18.38979	45.8967	7	360	3	1	0	0	9	461	0	0	0	2	0	0	0	34	477	0	0	0	31	488	13	0	0	149	571	1	0	0	44	503	0	0	0	0
18.55877	46.16191	7	623	0	0	0	0	14	788	0	0	0	0	0	0	0	45	766	1	0	0	75	813	1	0	12	33	784	0	1	0	44	575	0	0	1	12
18.59123	45.83255	3	403	126	0	1	0	3	485	0	0	0	1	43	0	0	280	860	253	0	4	271	829	236	3	33	57	551	4	0	0	47	558	0	0	0	0
18.5232	45.80057	16	302	297	0	0	0	21	346	11	0	0	1	263	0	0	12	311	255	1	0	18	311	254	0	8	24	300	186	0	19	48	438	52	0	0	0
18.53239	46.22076	9	653	0	0	0	0	14	806	0	0	0	0	0	0	0	53	654	0	0	0	53	747	0	0	0	49	837	0	0	0	50	850	0	1	0	0
18.68502	46.25201	40	755	6	1	0	0	78	869	0	0	0	0	0	0	0	53	714	0	0	1	42	815	0	0	0	312	555	0	0	0	50	673	0	0	0	0
18.544961	46.056131	47	294	153	0	2	0	58	381	0	0	0	168	2	0	0	65	366	150	0	0	74	390	133	0	0	58	410	1	0	104	51	379	50	0	25	0
18.35712	46.31113	2	321	0	0	0	0	2	338	0	0	0	0	0	0	0	10	290	0	0	0	6	289	0	0	0	12	282	0	0	0	53	246	0	0	0	0
18.47763	46.50182	18	941	0	0	6	0	35	983	14	0	0	0	0	0	0	58	955	0	1	0	61	838	3	1	0	48	833	1	0	0	53	830	0	0	0	0
18.52364	46.10835	21	750	0	0	3	0	14	866	0	0	0	1	0	0	2	38	854	1	0	0	42	932	1	0	1	35	939	0	0	0	53	938	0	0	0	1
18.52243	46.4401	46	1129	0	0	0	0	64	1114	0	0	0	0	0	0	0	58	1020	0	0	0	45	1038	0	0	0	40	1007	0	0	0	54	982	0	0	0	0
18.4144	46.00962	10	304	171	0	0	0	20	395	0	0	0	186	0	2	0	29	363	205	0	0	26	388	4	0	213	17	366	0	0	217	55	377	1	0	162	0
18.6574	46.25165	9	1179	170	2	0	0	30	1331	0	0	0	0	168	1	4	31	1256	145	0	0	9	1357	150	0	0	40	1304	115	1	0	56	1379	7	0	0	0
18.56289	46.50305	41	1131	1	0	0	0	23	1174	0	0	0	0	0	0	1	20	1130	0	0	0	33	981	0	0	0	33	908	0	0	0	56	913	0	0	0	0
18.46722	45.93389	10	574	287	1	0	0	26	609	0	0	0	0	275	0	0	28	558	314	1	24	59	581	240	0	27	44	560	204	0	21	57	608	64	0	0	25
18.04377	46.13312	26	344	0	0	0	0	33	347	0	0	0	0	0	0	1	31	348	0	0	0	21	365	0	0	36	23	328	0	0	0	57	316	0	0	0	21
18.44889	46.32861	20	761	0	0	7	0	20	743	0	0	0	0	0	0	8	23	756	0	0	6	32	739	0	0	0	19	749	3	0	6	58	768	1	0	0	0
17.91632	46.1552	26	167	2	0	0	0	34	188	0	0	0	0	0	0	0	19	177	0	0	0	19	185	0	0	0	30	172	0	0	0	58	144	0	0	0	15
18.6007	46.22199	40	1414	7	0	0	0	78	1524	0	0	0	0	1	0	3	60	1252	0	0	0	107	1180	4	0	19	55	1116	4	0	2	58	1126	0	0	0	0
18.51166	45.99636	32	518	542	1	124	0	235	641	1	0	0	0	566	0	1	235	560	556	1	10	267	700	6	0	502	14	682	1	0	699	61	603	3	2	362	252
18.39105	46.43086	54	1776	0	0	0	0	62	2006	0	0	0	0	0	0	0	46	2026	0	0	0	78	2113	0	0	1	59	2087	0	0	1	61	2257	0	0	0	2
18.41806	45.90722	4	303	7	2	0	0	18	457	0	0	0	6	0	0	1	11	418	3	0	2	83	324	0	0	0	31	400	6	0	2	63	375	0	0	0	0
18.57	45.86278	6	592	374	8	0	0	8	663	1	0	0	2	388	1	4	30	624	348	0	3	32	667	352	0	23	25	636	248	0	0	64	698	87	0	2	1
18.54277	46.37596	86	242	0	0	0	0	123	252	0	0	0	0	0	0	0	143	242	0	0	0	112	278	0	0	0	52	341	0	0	0	66	327	0	0	0	0
18.56194	46.25861	29	1366	0	0	9	0	22	1689	2	1	0	0	10	0	20	31	1629	5	0	13	55	1723	6	0	0	82	1652	0	0	1	67	1751	0	0	0	2
18.61187	45.84225	32	146	290	0	0	0	26	154	0	0	0	1	288	0	0	39	142	328	0	11	33	133	322	0	3	25	123	422	0	1	69	167	42	0	0	0
18.47528	45.87639	10	286	2	0	0	0	11	330	0	0	0	0	4	0	1	21	342	1	0	0	37	381	9	2	1	36	401	1	0	0	70	360	1	0	0	0
18.3625	45.93667	17	1067	0	2	0	0	46	1192	0	0	0	1	0	0	2	34	1188	14	0	0	70	1240	6	0	1	81	1194	3	0	0	73	1219	6	0	0	0
18.42528	45.88222	12	383	5	0	0	0	23	467	0	0	0	0	6	0	2	17	434	7	1	3	71	471	10	1	0	36	480	3	0	3	74	486	0	0	0	0
18.2570457458496	46.5783327334971	93	1097	0	1	0	0	71	1273	0	0	0	0	0	0	0	73	1359	0	0	0	50	1416	0	0	0	59	1375	0	0	1	74	1415	0	0	0	1
18.28122	46.28996	24	619	0	0	0	0	47	716	0	0	0	0	0	1	0	65	759	0	0	0	87	751	2	0	0	58	805	0	0	0	75	867	1	0	0	1
18.26	45.98	94	89	0	0	511	0	54	237	0	0	0	580	0	0	0	59	305	573	0	0	87	295	586	0	0	89	282	546	0	0	76	333	0	0	540	1
18.2	46.28333	108	404	1	0	0	0	116	453	0	0	0	1	0	0	0	116	403	0	0	0	105	422	0	0	70	75	411	0	0	0	77	412	0	0	0	0
18.33657	46.31124	0	366	0	0	0	0	9	447	0	0	0	0	0	0	0	14	454	0	0	0	61	437	3	0	0	72	418	0	0	0	78	454	0	0	0	0
18.137	46.1693	145	158	0	0	0	0	90	170	0	0	0	0	0	0	0	71	137	0	0	0	89	177	0	0	1	37	190	0	0	0	79	161	0	0	0	0
18.59648	46.34294	25	465	0	1	0	0	12	525	0	0	0	0	0	0	0	3	500	0	0	0	7	544	0	0	1	15	521	0	0	0	81	557	0	0	0	0
18.31771	46.33178	82	1247	24	0	0	0	47	1365	0	0	0	0	4	0	1	52	1212	2	0	0	60	1242	0	0	3	39	1204	0	0	0	83	1136	0	0	0	0
18.49685	46.38663	29	1044	0	0	0	0	24	1144	0	0	0	0	0	0	0	55	903	0	0	0	55	1110	0	0	21	34	1113	0	0	0	85	1177	0	0	0	0
18.65972	45.90056	38	45	253	0	148	0	37	88	0	0	0	475	0	0	0	53	80	0	0	0	45	80	561	0	0	49	73	539	0	0	86	72	1	0	532	2
18.42476	46.57426	3	696	0	0	0	0	24	730	0	0	0	1	0	0	0	47	799	0	0	0	73	751	0	0	0	52	769	0	0	1	87	744	0	0	0	0
17.9882	46.10751	10	120	1	0	0	0	10	155	0	0	0	0	0	0	0	9	133	0	0	0	48	186	0	0	0	55	144	0	0	0	88	137	0	0	0	0
18.37987	46.48902	15	441	0	0	0	0	35	477	0	0	0	0	0	0	0	44	506	0	0	0	77	544	1	0	0	52	599	0	0	1	88	571	0	0	0	0
18.56998	46.08823	50	1337	5	0	0	0	60	1573	0	0	0	0	4	0	0	47	1637	7	0	0	81	1522	0	0	0	67	1562	0	0	0	88	1616	1	0	0	1
18.514	45.88524	5	182	28	1	0	0	6	191	0	0	0	12	59	0	2	58	213	32	0	0	49	217	65	0	0	50	254	23	1	0	89	282	2	0	1	0
18.50878	45.87424	4	425	9	0	0	0	17	501	0	0	0	0	8	0	0	20	516	9	0	0	28	580	11	0	1	45	588	11	8	3	91	490	0	0	0	0
18.10797	46.01216	114	0	0	0	0	0	113	0	0	0	0	0	0	0	0	101	0	0	0	0	99	0	0	0	0	85	0	0	0	0	94	0	0	0	0	1
18.39778	45.95306	90	636	12	0	0	0	128	685	2	0	0	4	2	0	1	110	660	23	0	1	120	713	6	0	12	112	695	7	0	12	95	638	1	1	0	24
17.94682	46.2243	38	371	0	0	0	0	33	390	0	0	0	1	0	0	0	33	392	0	0	0	54	408	0	0	0	56	365	0	0	0	97	371	0	0	0	26
18.64319	46.21589	57	1770	0	1	0	0	52	1991	0	0	0	0	0	0	18	60	1822	0	0	17	92	2049	35	6	9	123	1956	1	2	5	101	1924	1	0	1	2
17.92838	46.17721	14	174	58	0	0	0	26	205	0	0	0	51	0	0	0	28	198	47	0	0	29	200	46	0	0	6	237	8	0	0	102	159	0	0	0	0
18.20487	46.00085	68	9	1	0	429	0	65	47	3	0	0	530	0	0	0	118	0	571	0	1	109	4	622	0	0	94	4	583	0	0	107	3	588	0	1	0
18.35	46.46667	169	758	0	0	0	0	563	434	1	0	0	0	0	0	0	420	619	0	0	0	189	719	0	1	0	93	820	0	1	0	115	840	7	0	0	0
18.51136	46.17727	126	767	122	0	0	0	194	929	0	0	0	0	111	1	1	163	827	87	0	0	132	882	92	2	2	117	879	56	0	0	116	937	30	0	0	0
18.46183	46.02703	36	883	21	1	0	0	36	1146	0	0	0	20	0	0	10	30	1053	9	0	1	40	1196	24	0	0	46	1142	15	0	1	120	1078	2	0	0	1
18.52364	46.10835	146	485	1	0	0	0	122	656	0	0	0	0	0	0	0	134	620	0	0	0	135	669	0	0	0	108	672	0	0	0	123	659	1	0	0	0
18.35328	46.04201	54	164	271	0	0	0	92	237	0	0	0	325	0	0	0	108	189	322	0	0	100	211	349	0	0	92	178	338	0	0	126	188	0	0	296	2
18.12057	46.00626	161	11	0	0	0	0	188	3	0	0	0	0	0	0	0	180	6	0	0	0	164	32	0	0	0	134	12	0	0	0	127	12	1	0	0	0
18.15	46.13333	154	2	0	0	0	0	145	5	0	0	0	0	0	0	0	139	1	0	0	0	124	0	0	0	0	116	1	0	0	0	128	0	0	0	0	0
18.55179	46.00424	187	1055	4	0	0	0	174	1324	0	0	0	6	0	0	3	183	1189	8	0	1	124	1334	37	0	1	101	1341	4	0	5	129	1388	4	0	0	0
18.05011	46.17402	116	0	0	0	0	0	120	0	0	0	0	0	0	0	0	109	0	0	0	0	144	1	0	0	0	112	0	0	0	0	137	0	0	0	0	0
18.21478	46.27448	205	346	0	0	0	0	188	421	1	0	0	0	0	0	0	152	408	52	0	116	113	427	1	0	19	136	420	0	0	78	137	425	0	0	0	109
18.1	46.2	171	0	0	0	0	0	176	10	0	0	0	0	0	0	0	160	2	0	0	0	173	0	0	0	0	143	0	0	0	0	143	0	0	0	0	0
18.59278	46.34722	31	1029	1	0	0	0	49	1278	1	0	0	0	0	0	12	46	1066	0	0	11	32	1198	6	0	2	43	1139	0	0	0	144	1309	0	0	0	7
18.26494	46.19278	61	332	0	0	0	0	87	374	0	0	0	11	0	0	1	123	386	1	0	0	132	417	1	0	0	139	423	4	1	1	144	410	0	0	0	0
18.32809	46.00719	133	17	250	0	0	0	267	19	0	0	0	280	4	0	0	250	23	335	0	1	101	25	328	0	0	198	7	313	0	0	144	33	346	0	0	1
18.31991	46.066	349	119	282	1	0	0	174	312	0	0	0	444	0	0	1	148	351	483	0	0	99	423	500	1	0	100	443	467	0	0	144	462	1	0	394	2
18.47076	46.22468	135	2425	5	0	0	0	180	2634	0	0	0	1	2	0	2	166	2314	2	0	2	285	2306	1	0	28	249	2272	0	1	2	145	2442	0	1	0	54
18.85962	46.62648	76	1350	0	1	0	0	118	1548	1	0	0	0	0	0	0	89	1685	0	2	1	118	1881	0	0	0	68	1998	0	0	0	148	2076	1	1	0	1
18.33611	45.90944	45	1007	5	0	0	0	42	1251	0	0	0	0	0	0	2	88	1284	1	0	12	143	1539	2	1	0	167	1515	3	0	0	151	1550	3	0	0	3
18.45617	46.41029	47	2296	1	1	0	0	46	2411	0	0	0	1	0	0	0	97	2241	0	0	3	114	2244	0	0	0	99	2207	0	0	4	154	2269	0	0	0	0
18.04377	46.13312	35	378	0	0	0	0	65	500	0	0	0	0	0	0	0	104	422	0	0	10	85	499	2	0	12	212	491	1	0	0	156	468	0	0	0	1
17.9324	46.18991	30	235	0	0	0	0	34	273	0	0	0	1	0	0	16	51	276	0	0	0	34	342	0	0	0	30	342	1	0	11	159	230	0	0	0	9
18.45171	46.05959	22	292	326	0	3	0	36	300	0	0	0	368	0	0	0	53	307	352	0	0	54	347	407	0	0	31	368	0	0	355	163	341	0	0	287	0
18.07333	45.99028	182	1	0	0	0	0	172	3	0	0	0	1	0	0	0	167	0	0	0	0	169	0	0	0	3	175	0	0	0	0	163	0	0	0	0	2
18.65887	46.08048	59	1311	603	0	0	0	129	1561	1	0	0	0	547	0	2	243	1372	516	0	0	108	1465	500	0	29	109	1396	380	0	7	164	1613	79	0	5	3
18.0745	46.21386	165	2	0	0	0	0	190	27	0	0	0	1	0	0	0	195	5	0	0	0	203	1	0	0	0	156	15	0	0	14	171	0	0	0	0	0
18.38299	45.82163	150	4	0	0	0	0	166	5	0	0	0	0	1	0	0	176	11	6	0	0	199	0	1	0	0	170	2	1	0	0	181	16	0	0	1	0
18.42179	46.6119	44	747	0	0	0	0	66	758	0	0	0	0	0	0	0	159	740	4	0	0	158	681	0	0	11	131	647	1	0	0	189	599	0	0	0	0
18.08806	45.92611	234	6	0	0	0	0	232	0	0	0	0	0	0	0	0	220	0	0	0	12	290	2	0	0	26	190	0	1	0	0	190	0	0	0	0	6
18.2505555555556	46.0433333333333	76	360	5	0	0	0	153	429	0	0	0	0	3	0	2	151	463	13	0	0	147	547	6	0	7	140	539	4	1	10	194	599	3	0	0	0
18.44343	46.53314	161	818	1	0	0	0	197	912	0	0	0	0	0	0	0	152	953	0	0	1	169	975	0	0	8	152	964	1	0	0	199	1048	0	0	0	1
18.51334	46.07526	133	272	118	0	4	0	228	344	0	0	0	105	2	0	0	284	342	112	0	0	245	398	88	0	0	224	384	103	0	0	203	386	0	0	78	0
18.3	46.36667	80	808	160	0	0	0	274	854	1	0	0	32	0	0	0	368	792	0	0	0	264	860	10	0	2	284	878	0	0	0	204	892	19	0	0	0
18.04486	46.27275	337	504	0	1	0	0	234	587	4	0	0	0	0	0	1	244	537	0	4	0	202	634	0	2	6	183	604	0	2	0	204	600	0	0	0	0
18.2375	45.94861	191	10	392	0	1	0	154	25	0	0	0	568	0	0	0	16	15	557	2	9	218	7	561	0	1	135	15	518	0	1	205	6	0	0	521	0
18.28818	45.9661	100	71	8	0	177	0	68	204	0	0	0	272	0	0	0	62	356	177	1	0	90	251	285	1	0	203	211	251	0	0	206	207	64	0	151	0
18.39889	45.77833	16	27	603	0	0	0	60	34	0	0	0	0	623	0	0	65	69	618	0	0	110	70	577	0	0	91	93	2	0	461	209	57	1	0	418	1
18.11683	46.14258	173	485	1	0	0	0	236	537	0	0	0	1	0	3	0	254	486	3	0	1	176	551	0	0	0	207	523	0	1	36	213	523	0	0	0	31
18.17831	46.28741	233	318	0	0	0	0	628	0	0	0	0	2	0	0	62	270	382	0	0	0	248	394	0	0	0	210	389	0	0	1	214	405	0	0	0	0
18.10974	46.17096	240	37	0	0	0	0	246	44	0	0	0	0	0	0	0	248	29	0	0	0	239	32	0	0	0	189	34	0	1	0	214	10	0	0	0	0
18.10111	45.84	266	4	0	0	0	0	264	0	0	0	0	0	0	0	0	258	1	1	0	0	244	2	0	0	0	209	0	0	0	0	215	0	0	0	0	0
17.96576	46.05305	318	4	0	0	0	0	335	2	0	0	0	0	0	0	8	315	0	0	0	0	267	0	0	0	0	238	2	0	0	0	223	9	0	1	0	0
18.04056	45.90694	231	8	0	0	0	0	265	2	0	0	0	0	0	0	2	243	6	0	0	25	221	5	1	0	0	227	2	0	0	1	227	0	0	0	0	0
18.21111	46.22194	182	140	6	0	0	0	314	76	0	0	0	0	0	0	0	336	78	0	0	1	277	170	0	0	0	220	170	0	0	0	229	177	0	0	0	17
18.13639	45.9	265	1	0	1	0	0	260	4	0	0	0	0	0	0	2	263	6	1	0	0	235	1	1	0	1	206	0	1	0	0	229	0	0	0	0	0
18.36829	46.37228	106	625	0	0	0	0	134	710	1	0	0	0	0	0	13	166	703	2	1	20	156	726	2	0	1	207	749	0	6	6	230	632	0	0	0	1
18.54222	45.91556	37	687	418	1	0	0	49	826	0	0	0	84	321	0	6	41	888	282	4	44	71	848	275	4	29	54	868	218	0	56	232	866	21	0	0	0
18.12806	45.94056	307	0	0	0	0	0	325	1	0	0	0	0	0	0	0	311	0	1	0	0	280	0	0	0	0	221	1	0	0	1	234	0	0	0	0	1
18.15	46.13333	243	13	2	0	0	0	245	5	0	0	0	0	0	0	0	244	0	0	0	0	218	6	0	0	0	187	10	0	0	28	235	17	0	0	0	0
18.12327	46.2184	123	267	0	0	0	0	222	240	1	0	0	0	0	0	0	130	311	0	0	0	246	218	0	0	0	174	262	0	1	0	236	202	0	0	0	4
18.12028	45.91028	266	1	0	0	0	0	262	10	0	0	0	1	0	0	0	275	4	0	0	0	268	3	0	0	1	236	0	1	0	0	236	3	2	0	0	0
17.94431	45.87171	287	0	0	0	0	0	308	0	0	0	0	0	0	0	3	305	0	0	4	0	244	4	3	0	0	221	13	3	0	20	239	0	1	0	0	12
18.4954	46.2568	185	2238	71	0	0	0	197	2541	2	0	0	0	69	0	4	144	2286	54	0	2	156	2378	41	0	2	290	2109	39	2	0	242	2226	1	0	0	13
18.61534	46.15628	42	1565	289	0	0	0	42	1870	1	0	0	0	295	0	0	105	1882	253	0	15	356	1816	214	1	1	367	1804	210	0	0	243	2130	5	0	0	2
18.0623	46.22457	252	0	0	0	0	0	239	12	0	0	0	0	0	0	0	227	6	0	0	0	256	5	0	0	0	247	10	0	0	0	243	0	0	0	0	0
18.12484	46.26526	284	0	0	0	0	0	332	1	0	0	0	0	0	0	0	276	0	0	0	0	280	2	0	0	0	255	7	0	0	10	243	21	0	0	0	14
18.08333	46.16667	156	5	0	0	0	0	197	13	0	0	0	0	0	0	0	208	2	0	0	31	184	2	0	0	20	188	6	0	0	28	245	0	0	0	0	0
18.15091	46.28135	274	11	0	0	0	0	213	105	0	0	0	0	0	0	0	294	0	0	0	0	213	50	0	0	0	196	65	1	0	0	245	30	0	0	0	0
17.91632	46.1552	254	0	0	0	0	0	173	97	0	0	0	0	0	0	10	266	39	0	0	0	179	99	5	0	0	170	83	0	0	18	248	13	0	0	0	0
18.21644	45.89509	266	0	0	0	0	0	284	6	0	0	0	1	0	0	0	284	4	2	0	0	259	14	1	0	0	240	23	0	0	0	248	12	0	0	0	1
17.96635	45.8956	352	0	0	0	0	0	342	1	0	0	0	0	0	0	0	338	1	0	0	0	345	0	0	0	0	267	0	0	0	0	251	0	0	0	0	1
18.52312	46.52214	97	1366	0	3	0	0	84	1367	4	0	0	0	0	0	0	147	1322	0	2	1	150	1218	0	0	5	33	1199	0	0	0	261	930	0	0	0	0
18.03465	46.20544	233	18	0	0	0	0	275	4	0	0	0	0	0	0	0	261	6	0	0	0	240	8	0	0	0	232	1	0	0	0	267	0	0	0	0	0
18.18208	46.306	333	316	1	0	0	0	345	364	3	0	0	0	0	0	1	374	349	1	3	1	358	333	0	1	8	326	356	0	0	3	267	375	0	0	0	1
18.59752	45.90584	117	1204	430	0	1	0	40	1467	4	0	0	10	383	0	17	52	1455	384	1	18	78	1492	379	0	2	163	1428	290	1	33	270	1593	21	0	0	1
18.53151	46.6486	304	2154	0	0	0	0	231	2285	0	0	0	0	0	0	1	208	2173	0	0	2	229	1988	1	0	1	191	1743	2	3	152	270	1728	0	0	0	0
18.45583	46.14431	305	226	2	0	0	0	312	282	0	0	0	0	0	0	0	301	264	1	0	0	318	299	0	0	4	261	334	0	0	0	274	349	0	0	0	0
18.11667	46.2	259	1	0	0	0	0	295	18	0	0	0	0	0	0	0	334	1	0	0	0	313	5	0	0	0	253	8	0	0	0	277	0	0	0	0	1
18.18528	45.86	207	0	0	0	0	0	255	0	0	0	0	0	0	0	0	247	0	0	0	0	230	0	1	0	0	235	0	2	0	0	281	1	1	0	0	0
18.13389	46.25417	261	20	0	0	0	0	261	26	0	0	0	1	0	0	0	277	19	0	0	17	306	1	0	0	0	274	5	0	2	18	281	9	0	0	0	8
17.97288	46.28612	126	824	0	1	0	0	177	854	0	0	0	0	1	0	64	169	949	0	0	6	220	955	1	0	0	192	952	0	0	16	282	895	0	0	0	43
18.21076	45.95036	313	0	0	0	0	0	320	0	0	0	0	0	0	0	0	318	0	0	0	9	305	0	0	0	0	262	1	0	0	19	282	0	1	0	0	3
18.0375	45.85444	332	0	0	0	0	0	315	0	0	0	0	0	0	0	0	301	0	0	0	0	299	1	2	0	0	282	6	0	0	2	283	0	0	0	0	0
18.23271	45.9026	366	5	0	0	0	0	364	3	0	0	0	0	1	0	1	370	4	8	0	0	344	0	2	0	0	313	1	1	0	6	283	10	10	0	10	0
18.05011	46.17402	163	86	0	0	0	0	225	146	0	0	0	0	0	0	4	191	176	0	0	0	212	198	0	0	7	163	209	0	0	0	285	120	0	0	0	1
18.05333	45.98028	257	23	0	0	3	0	269	24	0	0	0	0	16	0	1	333	0	0	0	0	309	1	0	0	9	308	0	0	0	10	285	4	0	0	0	0
18.05	46.66667	337	11	0	6	0	0	355	0	7	0	0	0	0	0	0	330	0	0	1	0	298	0	0	0	4	283	0	0	0	0	285	2	0	0	0	0
18.34163	46.26875	282	0	1	0	0	0	316	0	0	0	0	0	0	0	0	307	2	0	0	0	280	1	0	0	0	275	0	0	0	0	286	3	0	0	0	0
18.41424	46.38133	339	361	0	1	0	0	345	422	0	0	0	0	0	0	0	362	366	0	0	0	325	445	0	0	1	271	440	0	0	0	288	447	0	0	0	0
17.94377	45.83816	332	6	2	0	0	0	341	0	0	0	0	0	0	0	0	338	0	0	0	0	329	0	0	0	0	302	1	7	0	0	289	0	0	0	0	0
18.19194	46.23583	284	247	0	1	0	0	322	286	0	0	0	1	0	0	0	322	284	0	1	9	271	312	0	0	123	278	313	0	0	0	295	346	0	0	0	50
18.0623	46.22457	54	266	0	0	0	0	94	313	0	0	0	0	0	0	0	122	272	0	0	0	116	330	0	0	4	136	285	0	0	20	303	151	0	0	0	0
18.3486111111111	46.1208333333333	255	323	0	2	0	0	270	322	2	0	0	3	0	0	8	268	349	1	0	0	261	341	3	2	1	306	264	0	0	5	304	320	1	0	0	0
18.16844	45.97002	328	8	0	0	0	0	390	0	0	0	0	0	0	0	0	386	2	2	0	0	361	1	0	0	0	298	14	0	0	0	306	1	0	0	0	0
17.91632	46.1552	180	355	13	0	0	0	209	439	0	0	0	48	0	0	0	201	455	6	0	12	169	450	5	0	1	219	420	0	0	12	307	303	0	0	0	0
18.46115	46.07352	150	206	1	0	0	0	175	234	0	0	0	0	0	0	0	192	191	0	0	0	246	171	0	0	0	187	232	1	0	0	311	100	0	0	0	0
17.87512	45.92593	262	5	0	0	0	0	253	0	0	0	0	0	0	0	21	317	0	0	0	0	364	0	0	0	0	275	3	1	0	6	312	6	2	0	0	0
18.16083	45.83667	342	0	0	0	0	0	357	0	0	0	0	0	0	0	0	334	0	0	0	0	312	0	0	0	0	326	0	0	0	1	317	1	0	0	0	1
18.37502	45.99789	95	81	308	11	0	0	143	100	0	0	0	0	389	0	0	234	87	274	1	5	269	81	267	0	8	252	82	235	1	9	319	86	0	1	83	10
17.80554	46.04865	316	1	0	0	0	0	314	1	0	0	0	0	0	0	0	314	5	0	0	0	317	0	0	0	0	254	0	0	0	0	319	0	0	0	0	0
18.10256	46.29043	460	1	0	0	0	0	375	199	0	0	0	0	0	0	0	400	211	1	0	0	429	145	0	0	38	398	128	0	0	0	319	218	0	0	0	0
18.09689	46.00934	418	2	0	0	0	0	398	5	0	0	0	0	0	0	0	374	0	0	0	0	346	3	0	0	0	318	0	0	0	0	323	0	0	0	0	0
18.06278	45.85056	309	2	0	0	0	0	309	0	0	0	0	0	0	0	0	306	0	0	0	0	303	3	0	0	0	323	6	0	0	0	325	2	0	0	0	0
17.87512	45.92593	526	1	0	0	0	0	911	3	7	0	0	0	0	0	0	931	4	1	1	1	403	0	0	0	0	326	0	0	0	0	326	1	10	0	0	0
18.28296	46.33109	224	843	24	4	0	0	211	846	1	0	0	13	0	0	11	219	826	5	0	0	170	877	2	0	0	443	589	0	0	0	328	771	1	0	0	1
18.30805	45.90788	251	76	0	0	0	0	297	80	1	0	0	0	0	0	0	279	67	12	0	0	323	42	5	0	1	262	113	5	0	0	337	41	1	0	0	1
18.37648	46.09372	393	39	0	0	0	0	425	16	0	0	0	0	0	0	0	410	12	0	0	0	360	39	0	0	0	326	28	1	0	1	338	36	0	0	0	1
18.64202	46.12691	101	1426	10	0	0	0	108	1570	0	0	0	0	17	0	0	154	1569	0	0	0	144	1709	10	0	0	96	1705	5	0	0	341	1497	0	1	4	10
18.19959	45.9628	283	5	0	0	0	0	323	9	0	0	0	0	0	0	0	321	7	6	0	0	306	3	0	0	0	258	5	7	0	0	341	2	0	0	0	0
18.18583	45.96	253	27	33	0	0	0	346	1	0	0	0	22	0	0	0	249	2	142	0	0	283	7	97	0	0	219	11	113	0	0	342	0	0	0	0	0
17.81449	45.91413	321	6	0	0	0	0	381	0	0	0	0	0	0	0	0	421	5	0	0	3	379	1	0	0	19	356	2	0	0	4	343	2	0	0	0	0
17.9847	45.94227	410	1	0	0	0	0	418	9	0	0	0	0	0	0	0	407	1	3	1	0	383	0	0	0	11	338	0	0	0	1	344	0	0	0	0	1
18.3718	46.11632	350	30	0	0	0	0	342	27	0	0	0	0	0	0	0	357	4	0	0	0	351	0	1	0	0	343	2	0	0	0	347	4	0	0	0	0
17.95129	45.96023	380	3	0	0	0	0	368	0	0	0	0	0	0	0	0	403	0	0	0	0	412	0	0	0	0	334	0	0	0	0	352	0	0	0	0	0
17.9566	46.09769	362	1	0	0	0	0	380	8	0	0	0	0	0	0	0	420	1	0	0	33	354	11	1	0	35	342	13	1	0	0	352	0	1	0	0	43
17.91355	45.82332	365	2	0	0	0	0	374	0	0	0	0	0	0	0	0	339	0	0	0	14	392	0	1	0	7	293	5	0	0	0	355	2	2	0	0	9
18.14914	46.18945	392	250	0	0	0	0	405	291	0	0	0	1	0	0	0	394	315	6	2	35	341	277	5	0	0	305	284	1	1	1	357	221	0	0	0	13
18.20551	45.8345	448	1	1	0	0	0	417	9	0	0	0	0	0	0	0	385	4	0	0	0	416	1	0	0	0	356	2	0	0	0	357	3	1	0	0	0
18.35405	46.00158	224	22	288	1	0	0	349	2	0	0	0	282	0	0	0	361	9	284	0	0	325	6	289	0	7	289	7	229	0	7	358	8	124	0	0	2
18.63838	46.27519	28	826	163	0	3	0	34	976	0	0	0	0	155	0	2	26	905	152	1	1	90	863	142	0	0	40	913	131	1	3	360	994	12	3	1	5
18.00972	45.8925	292	2	0	0	0	0	308	0	0	0	0	0	0	0	0	295	9	2	11	7	300	1	1	0	49	361	9	0	0	0	364	0	0	0	0	0
18.02417	45.82417	400	1	0	0	0	0	368	3	0	0	0	0	0	0	1	338	0	0	0	0	312	2	1	0	0	269	0	0	0	0	367	4	1	0	0	8
18.02333	45.84639	423	3	4	0	0	0	409	1	0	0	0	3	0	0	1	421	1	2	0	77	385	1	1	0	0	412	0	0	0	0	369	0	0	0	0	0
17.87925	45.9945	522	1	0	0	0	0	494	1	0	0	0	0	0	0	0	488	6	0	1	72	452	0	0	0	20	417	0	0	0	4	370	7	4	0	0	19
18.36028	45.97289	469	53	1	0	0	0	496	106	0	0	0	10	0	1	2	479	112	9	0	1	553	27	4	0	0	398	139	5	0	10	372	126	6	0	0	8
18.08094	46.19934	262	111	0	0	0	0	291	165	0	0	0	0	0	0	14	349	112	0	0	14	303	181	1	0	1	401	0	0	0	1	374	50	0	0	0	1
17.86997	45.99791	397	0	0	0	0	0	439	1	0	0	0	1	0	0	0	438	0	0	0	0	471	0	1	0	0	384	0	1	0	0	376	0	0	0	0	0
17.8599	45.83537	444	0	1	0	0	0	448	3	0	0	0	0	0	0	0	430	0	0	0	0	439	1	0	0	18	393	0	0	0	0	378	1	4	0	0	1
18.16722	45.81277	402	0	0	0	0	0	359	0	0	0	0	0	0	0	0	387	0	0	0	0	354	0	0	0	0	326	0	0	0	2	391	7	2	0	0	2
18.02167	45.92917	509	3	0	0	0	0	539	0	0	0	0	0	0	0	0	530	0	0	0	0	499	4	0	0	0	473	5	0	1	2	393	1	0	0	0	1
18.11833	45.81306	354	0	2	0	0	0	393	0	0	0	0	0	0	0	0	392	4	1	0	5	383	0	0	0	0	365	0	0	0	0	395	0	0	0	19	13
18.04056	45.90694	204	5	0	3	0	0	233	0	0	0	0	1	0	0	0	213	0	0	0	0	227	0	0	0	0	189	1	0	0	0	398	0	0	0	0	0
18.32972	45.96611	345	5	0	0	0	0	405	0	0	0	0	0	0	0	1	404	0	0	0	1	381	14	0	0	1	356	10	1	0	2	398	0	0	0	0	0
17.93701	45.81345	520	3	1	0	0	0	549	0	0	0	0	1	0	0	0	547	0	0	0	0	452	0	1	0	14	408	0	0	0	3	400	6	0	0	0	17
18.13861	45.82917	427	5	0	0	0	0	437	0	0	0	0	0	0	0	0	447	0	1	9	0	393	1	2	18	0	363	1	1	8	1	405	7	2	2	0	0
17.9627	45.91871	311	0	0	0	0	0	375	1	0	0	0	2	0	0	0	323	0	0	0	26	350	1	0	0	24	317	0	7	0	52	410	2	3	0	0	1
18.00611	45.94667	419	9	0	1	0	0	516	6	0	0	0	0	0	0	0	470	15	2	0	0	412	4	0	0	0	400	0	0	0	0	410	4	0	0	0	0
18.37541	46.05966	391	103	5	4	0	0	405	146	2	0	0	1	0	0	1	553	23	2	0	0	500	2	0	2	0	476	0	0	0	0	414	89	4	0	0	0
18.13499	46.07572	355	0	0	0	0	0	378	5	1	0	0	1	0	0	0	380	2	0	0	0	381	0	0	0	0	367	1	0	0	23	417	0	0	0	0	0
18.18556	45.83249	395	5	3	0	0	0	382	0	0	0	0	0	0	0	0	391	1	0	0	0	384	1	0	0	0	323	1	1	0	0	418	0	1	0	0	0
18.05982	46.51386	457	0	0	0	0	0	521	0	0	0	0	0	0	0	0	480	5	0	3	0	482	0	0	0	27	436	0	0	0	0	419	2	0	0	0	0
18.14305	46.24723	362	45	0	0	0	0	463	39	0	0	0	1	0	0	0	407	64	0	0	0	476	0	0	0	0	434	13	0	0	18	422	23	0	0	0	0
17.91122	46.07673	356	3	0	0	0	0	389	0	0	0	0	0	0	0	0	440	1	0	0	0	440	0	0	0	0	410	5	0	0	0	428	0	0	0	0	2
17.91096	45.88141	545	1	6	0	7	0	527	0	0	0	0	0	0	0	13	550	0	0	0	0	515	2	1	0	10	479	6	0	0	1	431	4	1	0	0	8
18.53434	45.8288	99	177	60	1	0	0	120	223	0	0	0	0	70	0	0	63	290	65	0	0	100	279	80	0	23	120	239	41	0	1	432	43	2	0	0	0
18.21083	45.86028	455	4	0	0	0	0	462	4	0	0	0	0	0	0	0	465	0	0	0	0	451	0	1	0	0	438	16	1	0	0	437	22	6	0	0	0
17.81694	45.84639	605	17	5	0	0	0	608	11	1	0	0	1	0	0	1	599	0	2	0	0	487	0	0	0	0	453	1	0	0	1	437	1	3	0	0	1
17.99043	46.08308	279	2	0	0	15	0	297	9	0	0	0	0	0	0	0	316	17	0	0	2	298	35	0	0	13	338	26	0	0	5	443	32	1	0	0	2
18.10111	45.82417	449	1	0	0	0	0	450	4	0	0	0	0	0	0	0	486	2	0	0	0	420	1	0	0	0	430	2	0	0	2	443	0	0	0	0	1
18.10776	46.2552	366	2	0	1	0	0	417	15	0	0	0	1	0	0	0	291	131	0	0	0	404	128	2	0	39	437	74	0	0	84	444	168	0	0	0	124
18.33418	45.8104	486	0	0	0	0	0	448	0	0	0	0	0	0	0	0	421	3	0	0	0	424	3	0	0	0	377	4	1	1	6	444	53	0	0	0	1
18.19278	45.91738	504	6	1	2	0	0	494	1	0	0	0	0	0	0	0	493	2	0	0	1	454	3	0	0	0	428	0	2	0	0	444	3	0	0	0	0
18.102161	46.08525	494	43	0	0	0	0	545	5	0	0	0	0	0	0	0	454	27	0	0	10	450	25	0	0	24	439	23	0	0	0	448	21	0	0	32	0
17.97096	45.81044	516	7	1	0	0	0	517	5	0	0	0	1	0	0	0	489	1	1	0	0	438	1	0	0	0	415	1	0	0	0	450	0	0	0	0	0
18.33941	46.08717	376	106	0	0	0	0	404	122	0	0	0	1	0	0	0	400	82	0	0	0	394	51	1	0	4	408	12	0	2	0	451	0	0	0	0	0
18.23333	45.79639	463	3	0	0	0	0	436	7	4	0	0	1	2	0	5	423	0	0	0	0	422	4	2	0	87	423	0	0	0	83	452	6	0	0	0	138
18.38861	46.27306	390	109	0	0	0	0	436	176	0	0	0	0	1	0	3	533	37	0	1	2	459	76	0	0	0	483	68	0	0	0	454	43	0	0	0	0
18.30555	45.78944	21	51	606	0	0	0	52	60	0	0	0	608	0	0	136	77	77	614	0	193	54	102	5	0	854	36	110	0	1	789	461	39	1	0	198	384
18.36272	45.8202	622	2	1	0	0	0	590	0	1	0	0	0	0	0	1	492	4	0	0	1	455	1	1	0	0	414	20	1	1	1	461	14	0	1	0	0
18.0453	46.52781	489	2	0	3	0	0	517	2	0	0	0	0	0	0	0	475	0	0	0	0	441	0	0	0	0	430	0	0	0	0	466	0	0	0	0	0
18.48726	45.84556	119	670	257	21	0	0	256	806	1	0	0	1	311	0	0	258	827	358	2	1	347	815	327	0	7	253	814	252	0	2	467	1050	71	1	1	3
18.12057	46.00626	530	6	0	0	0	0	512	5	0	0	0	0	0	0	1	502	3	0	0	0	485	1	1	0	0	491	9	0	0	0	471	6	0	0	0	0
18.34528	45.86389	520	0	1	0	0	0	521	4	0	0	0	0	2	0	0	463	15	0	0	0	482	11	4	0	0	471	11	3	0	1	473	0	0	0	0	1
18.76311	46.71637	317	1159	0	0	0	0	379	1296	0	0	0	0	0	0	1	265	1589	1	0	7	289	1642	0	0	0	227	1771	4	1	4	478	1662	0	1	0	1
18.0623	46.22457	320	502	0	0	0	0	341	554	0	0	0	0	0	0	0	630	230	0	0	2	481	425	0	0	0	395	395	0	0	2	478	325	0	0	0	1
17.91096	45.88141	553	4	3	0	0	0	627	0	0	0	0	3	0	0	0	633	3	2	0	9	597	4	2	0	18	496	4	2	0	18	480	3	0	0	0	16
18.43294	45.97298	538	98	231	0	2	0	710	36	0	0	0	0	228	1	0	572	115	242	0	1	648	63	253	0	0	519	137	243	1	0	481	151	12	0	156	13
18.43197	46.17258	597	120	0	0	0	0	644	126	0	0	0	0	0	0	0	562	141	0	0	0	519	143	0	0	0	490	138	5	0	1	485	129	1	0	0	0
18.31202	46.26432	420	83	0	0	0	0	599	0	0	0	0	0	0	0	0	520	9	0	0	0	487	26	2	0	1	456	35	0	0	1	494	11	1	0	0	0
18.15194	45.93417	550	0	0	0	0	0	596	0	0	0	0	1	0	0	0	607	0	0	0	0	546	0	0	0	0	524	0	0	0	0	494	10	0	0	0	47
18.2208333333333	46.0309722222222	436	39	0	1	0	0	461	58	1	0	0	0	0	0	1	489	18	1	1	0	532	6	0	0	0	515	4	0	1	0	496	1	0	0	296	0
18.17889	45.80306	613	4	2	0	0	0	623	2	0	0	0	0	0	0	0	601	6	11	0	98	607	9	7	0	17	483	15	3	0	6	496	0	0	0	0	1
18.62526	46.00543	341	1279	231	0	0	0	388	1523	1	0	0	144	158	0	18	433	1483	214	1	40	694	1490	211	1	9	440	1693	179	1	19	502	1701	51	1	0	9
18.10444	45.81361	494	1	0	0	0	0	516	2	0	0	0	1	1	0	0	521	2	0	0	0	455	0	0	0	0	452	5	1	0	4	503	0	0	0	0	0
18.66723	46.67745	320	989	0	1	0	0	390	974	0	0	0	0	0	0	0	515	962	0	4	51	558	827	0	0	36	359	972	0	0	0	506	877	0	0	0	0
17.95655	46.03881	470	17	0	0	0	0	503	0	0	0	0	0	9	0	0	482	0	0	0	3	426	0	0	0	0	431	0	0	0	2	508	1	0	0	0	0
17.93284	46.06114	444	9	1	0	0	0	504	0	0	0	0	0	0	0	0	465	12	0	0	0	470	7	0	1	0	443	5	0	0	3	509	0	0	0	0	2
18.39876	46.29637	616	164	0	0	11	0	435	321	0	0	0	0	0	0	0	504	327	0	0	1	589	353	1	1	0	473	327	0	0	1	509	298	0	0	0	0
18.51218	46.59384	613	892	0	2	0	0	549	1047	0	0	0	0	0	0	0	515	1002	0	2	3	550	847	0	1	1	499	799	0	0	1	514	767	0	0	0	0
17.917	45.9686	554	5	0	0	0	0	634	2	0	0	0	0	0	0	0	686	1	0	0	23	701	1	0	0	12	617	1	0	0	1	521	4	0	0	0	0
18.17769	45.90237	587	7	0	0	0	0	600	9	0	0	0	0	1	0	0	539	2	4	0	0	535	3	0	0	0	450	12	0	0	2	522	22	2	0	0	0
18.45667	46.10028	440	233	1	0	0	0	474	233	0	0	0	2	0	0	0	569	163	0	0	1	484	210	0	0	0	381	242	2	0	0	524	78	1	0	0	14
18.19009	46.01514	593	5	1	0	0	0	642	4	0	0	0	0	1	0	0	597	4	1	2	8	619	2	1	2	32	556	7	1	0	0	524	1	2	0	0	0
18.45489	46.27911	37	961	2	0	0	0	56	1115	0	0	0	0	2	0	7	181	1121	13	0	29	180	1204	17	0	6	136	1333	5	0	1	526	1427	1	2	0	1
18.47317	46.10252	364	120	2	0	0	0	422	161	0	0	0	1	0	0	5	479	75	0	0	0	516	6	0	0	0	546	4	1	0	0	526	5	0	0	0	0
17.89857	46.04647	591	6	0	0	8	0	628	2	0	0	0	1	0	0	0	616	0	0	0	0	578	10	1	0	0	508	0	0	0	0	526	0	0	0	0	0
18.04889	45.94889	611	3	0	0	0	0	658	0	0	0	0	0	0	0	0	652	3	0	0	18	635	0	0	1	0	544	4	0	0	0	529	0	0	0	0	3
17.96366	45.94463	568	9	0	0	0	0	616	0	0	0	0	0	0	0	0	563	5	2	0	0	564	0	0	0	0	526	0	0	0	0	533	0	0	0	0	0
17.85772	45.90443	453	2	1	0	0	0	494	2	0	0	0	0	0	0	51	508	0	0	0	42	588	0	1	0	23	564	1	1	0	40	539	0	0	0	0	0
18.25948	45.9093	605	7	0	2	1	0	731	19	0	0	0	0	0	0	0	673	56	1	0	0	708	19	0	0	0	586	14	3	0	2	543	78	12	0	0	0
18.08309	46.08523	546	3	2	0	0	0	579	6	0	0	0	0	0	0	0	534	12	0	0	0	570	1	0	0	0	540	7	0	1	0	552	0	0	0	0	0
18.45389	45.86889	151	1386	172	1	0	0	248	1763	3	0	0	4	169	1	5	420	1824	220	4	5	413	1918	212	1	5	379	1805	139	0	4	553	1655	28	0	1	1
17.99399	45.82687	660	9	0	0	0	0	684	0	0	0	0	0	0	0	0	664	0	0	5	0	622	0	0	13	67	552	0	0	0	8	554	0	0	0	0	0
18.3875	46.32111	311	384	0	1	0	0	371	399	1	0	0	0	0	0	60	403	402	0	0	28	528	427	0	0	5	478	459	0	0	16	558	480	0	0	0	29
18.36417	45.85861	628	5	0	0	0	0	605	2	0	0	0	0	0	0	0	545	29	1	2	0	508	8	1	0	0	524	0	0	0	0	559	2	1	0	0	0
18.52913	46.46681	123	1367	1	0	0	0	167	1469	1	0	0	0	1	0	1	120	1471	0	0	0	225	1362	0	0	0	196	1271	0	0	0	564	976	0	0	0	0
17.88838	46.02193	641	11	1	0	0	0	671	0	0	0	0	0	0	0	0	648	0	1	0	8	609	3	0	0	0	591	5	0	0	0	571	0	1	0	0	0
18.25	46.16667	285	1	0	0	0	0	349	4	0	0	0	0	0	0	8	414	2	0	0	1	405	0	0	0	0	386	0	0	0	0	575	33	2	2	0	0
18	46.23333	499	147	0	0	0	0	566	168	0	0	0	0	0	0	2	594	105	0	0	0	684	3	0	0	0	556	54	1	0	1	575	26	0	0	0	0
18.12583	45.85972	604	0	0	0	0	0	599	10	0	0	0	0	0	0	0	644	4	0	0	6	559	12	0	0	7	495	32	1	0	1	586	2	0	0	0	0
18.32306	46.08732	694	15	2	0	0	0	692	23	0	0	0	2	0	0	0	654	24	1	0	0	603	40	3	2	0	601	9	1	0	1	587	15	0	0	0	3
17.96914	45.99925	648	4	0	1	0	0	677	0	1	0	0	0	0	0	0	633	0	1	0	0	509	0	0	0	0	555	0	0	0	0	588	0	0	0	0	0
18.06694	45.8125	496	6	1	0	0	0	453	2	0	0	0	0	1	0	0	456	1	2	3	0	462	3	2	0	2	470	3	3	0	0	600	0	0	0	0	0
18.08444	45.86694	693	3	1	9	2	0	715	1	0	0	0	0	0	0	0	717	0	0	0	0	642	9	1	1	24	599	15	0	0	1	602	0	0	0	0	2
18.35233	45.78894	460	13	0	0	0	0	447	3	0	0	0	6	0	0	34	455	17	17	0	56	433	6	4	1	59	443	0	0	0	2	615	28	0	0	0	52
18.39725	46.26743	642	42	3	0	0	0	453	361	1	0	0	0	0	0	4	498	338	0	0	0	546	347	1	0	2	612	404	2	0	14	620	378	0	2	0	6
18.40743	46.10124	670	7	0	0	0	0	714	19	0	0	0	0	3	0	6	681	19	4	0	0	709	6	5	0	0	590	58	6	0	1	620	45	5	0	0	0
18.19726	46.19726	525	471	1	1	0	0	403	672	0	0	0	0	0	0	0	455	686	0	1	1	485	682	0	1	0	441	740	1	0	1	630	524	0	0	0	3
18.25	46.16667	360	193	3	0	0	0	670	17	0	0	0	0	0	0	0	550	133	2	0	4	550	96	1	1	0	563	66	0	0	1	644	64	0	0	0	29
17.97602	46.08978	547	35	1	0	0	0	563	75	0	0	0	1	0	0	0	620	8	1	0	11	558	29	3	0	0	538	34	2	0	0	644	9	1	0	0	0
17.86659	46.05049	818	5	0	0	0	0	909	7	0	0	0	1	0	0	4	873	0	0	0	12	812	4	0	0	18	704	2	1	0	0	649	0	0	0	0	10
18.04901	46.08061	656	1	0	0	0	0	689	3	0	0	0	1	0	0	1	652	2	1	0	9	657	4	4	0	24	619	3	1	0	0	660	0	0	0	0	0
17.96914	45.99925	568	21	0	0	0	0	674	4	0	0	0	1	0	0	0	738	8	0	0	0	709	6	3	1	29	626	6	1	1	1	662	1	3	0	0	0
18.26611	45.79806	633	0	0	0	3	0	626	2	0	0	0	0	0	0	0	591	0	0	6	0	576	1	4	0	0	572	1	0	0	2	665	7	1	1	0	1
18.02417	45.98972	764	8	0	0	0	0	710	9	0	0	0	0	0	0	1	668	6	0	0	0	668	0	0	0	6	647	0	0	0	2	667	13	1	0	0	2
18.31132	46.44683	578	975	0	0	0	0	621	1084	0	0	0	0	1	0	0	636	1103	0	0	0	593	1140	0	0	2	658	1110	0	0	11	681	1024	0	0	0	1
18.21045	45.80679	440	3	9	0	0	0	468	3	0	0	0	0	0	0	2	439	2	6	0	0	558	51	22	6	3	489	29	12	0	0	682	9	3	0	0	1
17.89118	45.80922	819	0	0	0	0	0	847	846	0	0	0	1	0	0	0	857	2	2	0	1	821	3	0	0	34	693	28	2	0	45	695	3	5	2	0	62
18.12673	46.08407	827	7	0	0	0	0	846	16	0	0	0	1	0	0	0	789	5	0	1	1	746	5	0	0	16	668	3	2	0	0	704	11	0	1	0	0
18	46.11667	486	34	0	0	0	0	566	65	0	0	0	0	0	0	0	552	105	2	2	4	664	92	14	0	6	550	40	2	0	0	705	60	2	0	0	20
17.9882	46.10751	364	341	0	0	0	0	285	492	1	0	0	9	0	0	10	314	506	5	0	0	354	435	1	1	0	509	200	1	1	3	709	149	1	0	0	0
17.79027	45.8756	889	19	6	1	0	0	930	17	0	0	0	1	0	0	52	936	1	11	1	50	886	3	5	1	0	741	9	6	2	20	715	0	1	0	0	0
18.08889	45.95361	617	14	0	0	0	0	769	1	1	0	0	0	1	0	0	674	9	0	0	0	736	4	0	0	48	747	4	0	0	1	720	0	1	0	0	1
18.09	45.90389	799	3	0	1	0	0	826	0	0	0	0	0	0	0	0	816	5	0	0	11	755	0	0	0	28	682	0	1	1	0	728	0	0	0	0	0
18.24794	46.31417	465	265	0	5	0	0	649	106	3	0	0	0	0	0	16	571	174	1	1	3	528	275	0	9	0	768	19	1	0	0	746	68	0	0	0	0
18.30472	45.98389	600	148	7	0	0	0	627	197	0	0	0	2	0	0	0	631	236	6	0	0	592	286	3	0	7	573	221	4	0	25	749	109	2	0	0	13
18.09241	46.31419	662	269	0	36	0	0	777	316	15	0	0	0	0	0	1	798	316	0	3	0	1107	56	0	0	0	969	154	1	0	2	798	229	0	0	0	0
18.13583	45.96944	696	39	0	0	0	0	787	76	1	0	0	0	0	0	0	684	59	0	0	0	730	0	0	0	0	713	7	0	1	3	798	30	1	1	4	38
18.36417	45.85861	641	27	8	0	0	0	673	14	0	0	0	2	0	0	0	695	14	6	0	1	772	18	4	2	1	699	45	7	1	0	800	32	13	7	0	6
18.29752	45.85499	644	29	0	0	1	0	699	7	0	0	0	0	0	0	14	643	40	2	0	15	719	9	2	0	0	703	5	2	0	0	804	10	2	0	0	10
18.15769	46.3404	552	697	0	0	0	0	686	707	0	0	0	0	0	0	1	891	575	0	1	0	705	808	0	0	0	757	833	1	0	1	820	895	0	0	0	0
18.00067	46.20694	610	186	10	1	0	0	710	162	0	0	0	5	0	0	3	793	83	0	0	34	792	81	0	1	40	835	38	0	1	36	825	6	0	0	0	47
18.1316	46.32987	500	685	0	4	0	0	519	757	0	0	0	0	0	0	1	977	509	0	2	0	727	881	2	0	0	775	839	0	0	4	830	828	1	0	0	5
17.92711	46.00709	953	84	7	2	2	0	1048	33	0	0	0	1	0	0	1	1078	0	0	0	0	1005	0	0	0	38	854	1	0	0	0	842	0	0	0	0	0
18.17059	45.87706	653	4	1	0	0	0	727	0	0	0	0	0	0	0	0	699	1	1	0	0	703	9	3	0	3	738	9	6	0	1	851	8	10	0	3	2
18.43124	46.26924	921	554	0	3	0	0	973	716	1	0	0	0	0	0	1	898	766	0	0	13	815	713	1	0	9	822	713	2	1	7	859	687	0	0	0	17
18.1337	46.30622	809	14	0	0	0	0	862	4	0	0	0	0	0	0	1	730	13	0	0	0	825	6	2	0	1	799	14	0	0	0	862	7	0	0	0	0
18.56577	46.41084	850	1110	0	1	2	0	896	1241	1	0	0	0	0	0	7	914	1146	0	0	0	1099	954	0	0	0	922	1123	0	0	1	872	1001	0	0	0	1
18.57846	45.94428	383	1240	48	2	0	0	413	1472	5	0	0	17	45	0	2	350	1474	72	0	8	691	1291	65	0	0	639	1449	30	1	7	892	1254	9	1	1	1
18.74239	46.24857	634	3	0	12	0	0	708	0	2	0	0	0	17	0	1	752	22	9	1	7	822	25	7	1	22	830	79	9	6	0	924	7	0	0	0	0
18.61778	46.40333	647	14	6	0	0	0	889	22	0	0	0	0	6	0	0	913	20	4	1	0	982	40	0	0	0	952	9	0	0	1	932	10	0	0	0	0
18.04471	46.00572	778	6	0	0	5	0	758	1	0	0	0	0	0	0	0	847	3	0	0	1	833	8	1	6	1	826	0	0	0	1	975	0	0	0	0	1
18.51833	45.96722	230	2211	29	4	2	0	227	2748	3	0	0	13	33	0	8	353	2517	56	1	19	474	2698	87	4	35	439	2518	54	0	11	982	2078	24	2	1	3
18.06	46.64889	984	5	0	0	0	0	1145	0	0	0	0	0	0	0	0	1049	0	0	0	0	1202	0	0	0	0	1150	4	0	0	0	1029	10	0	0	0	0
18.57906	46.593897	737	6	0	0	0	0	808	1	1	0	0	0	0	0	0	814	48	0	0	0	879	95	1	0	0	957	117	0	0	0	1037	101	0	0	0	0
18.06728	46.70042	1026	1	1	9	0	0	953	1	0	0	0	0	0	0	0	941	0	0	1	0	1008	1	0	1	5	1050	0	0	1	9	1044	1	0	2	0	8
18.2324	46.34998	713	2762	5	4	0	0	881	2822	1	0	0	6	0	0	1	756	2839	6	4	15	781	2834	1	0	9	794	2819	0	1	2	1079	2749	0	3	0	2
18.58591	46.13152	757	255	3	0	0	0	870	382	0	0	0	0	1	1	0	1018	237	0	0	0	1137	238	1	0	1	876	362	0	0	0	1081	140	0	0	0	0
18.08132	46.02295	1145	13	0	1	0	0	1190	19	1	0	0	1	0	1	3	1164	12	1	0	1	1150	5	0	0	0	1056	0	0	0	2	1084	0	0	0	0	3
18.31126	46.72358	529	0	0	0	0	0	711	0	0	0	0	0	0	0	1	750	4	0	0	19	903	0	0	1	0	817	2	0	0	1	1111	6	0	0	0	0
18.40883	46.07565	879	288	0	0	0	0	931	388	0	0	0	0	0	0	21	1000	284	4	0	0	993	235	7	1	28	842	318	10	1	36	1164	53	10	0	0	0
18.09744	46.70272	1309	6	0	0	0	0	1282	0	0	0	0	0	0	0	0	1254	1	0	0	0	1165	1	0	0	0	1137	1	0	0	0	1186	0	0	0	0	0
18.05162	46.48115	1057	0	0	0	0	0	1231	0	0	0	0	0	0	0	0	1264	1	0	0	0	1245	1	0	0	7	1174	1	1	0	0	1223	2	0	0	0	1
18.31191	46.25274	723	322	0	1	0	0	983	281	1	0	0	0	0	0	0	1175	102	0	0	0	1240	86	1	0	6	1166	53	0	0	1	1230	28	0	0	2	1
18.15403	46.03438	1191	52	0	0	0	0	1417	11	2	0	0	1	0	0	1	1490	11	1	0	1	1288	30	3	0	0	1177	26	0	0	8	1238	0	1	0	0	0
18.1793	46.529	1061	976	1	0	0	0	1147	1109	0	0	0	0	0	0	0	1182	1100	0	0	0	1217	1131	0	0	0	1236	1055	2	0	2	1248	1046	1	0	0	15
17.83591	45.993	842	13	1	0	0	0	1040	7	0	0	0	0	0	0	26	997	17	2	0	6	1511	10	6	0	1	1340	17	0	0	10	1263	4	2	1	0	71
18.2921	46.02967	762	324	3	0	0	0	986	378	0	0	0	3	2	0	4	951	479	14	0	10	1014	411	12	0	5	1086	401	11	0	0	1276	241	3	0	0	1
18.48054	46.63204	1374	68	0	1	0	0	1395	86	1	0	0	0	0	0	19	1258	85	0	0	0	1400	88	0	4	3	1320	69	0	1	2	1285	48	1	0	0	1
18.56577	46.41084	725	192	0	0	0	0	739	308	1	0	0	0	0	0	1	787	410	0	0	0	969	517	0	0	15	980	679	1	0	3	1287	246	0	0	0	0
18.29739	46.78861	1288	0	0	0	0	0	1324	2	0	0	0	0	0	0	0	1306	2	0	0	1	1320	2	1	0	8	1362	4	0	0	17	1332	0	0	0	0	11
18.10776	46.2552	468	6	0	0	0	0	644	57	0	0	0	0	1	0	3	781	38	1	0	1	1031	102	3	6	3	1217	124	6	1	5	1334	22	0	1	0	3
18.68305	46.47551	714	15	0	0	0	0	889	3	0	0	0	0	0	0	0	860	5	16	0	0	1005	0	0	0	0	1023	0	0	0	0	1349	7	1	1	0	0
18.47694	46.55603	1027	2140	0	2	0	0	1103	2251	1	0	0	0	0	0	16	1049	2145	1	2	1	1222	2055	7	1	6	1034	2053	1	0	2	1364	1787	0	1	0	4
18.75631	46.41196	112	1054	0	512	13	0	214	1146	517	0	0	2	0	0	0	222	1273	0	506	3	293	1384	1	653	0	794	1306	0	21	0	1385	1029	1	1	0	0
18.73667	46.44889	707	18	0	0	0	0	975	22	0	0	0	0	0	0	1	1037	50	0	2	0	1292	30	0	0	0	1303	56	0	0	4	1448	12	0	0	0	1
18.5392	46.67925	1317	11	0	2	0	0	1473	33	0	0	0	0	0	0	0	1472	53	0	0	0	1483	24	10	2	0	1408	27	0	0	0	1459	1	0	0	0	0
18.13334	46.61135	1641	12	0	2	0	0	1749	0	0	0	0	0	0	0	0	1687	3	0	0	0	1706	0	0	0	0	1613	5	0	0	0	1514	0	0	1	0	0
18.64336	46.47497	880	15	286	0	0	0	1143	11	0	0	0	0	266	0	1	1256	19	284	0	6	1381	9	275	0	0	1345	12	247	0	2	1516	3	137	0	0	1
18.1099	46.59472	1530	6	0	0	0	0	1716	2	0	0	0	0	0	0	0	1670	1	0	0	1	1688	5	0	2	2	1632	3	1	0	0	1521	9	0	0	0	2
18.37566	46.27673	651	398	1	0	0	0	1259	267	13	0	0	7	0	0	23	1415	249	2	5	35	1443	306	33	1	17	1573	277	2	0	9	1524	163	0	1	0	9
18.39707	45.84739	1239	29	18	0	0	0	1210	31	0	0	0	0	1	0	1	1149	37	5	0	4	1298	60	34	2	7	1304	127	34	0	18	1533	122	26	3	2	9
18.70778	45.95028	813	30	3	1	0	0	770	34	0	0	0	0	1	0	54	836	30	1	0	0	936	2	0	0	0	907	0	0	0	0	1556	57	25	0	24	0
17.98406	45.85957	1150	25	5	0	0	0	1181	17	0	0	0	6	0	0	0	1241	12	0	0	1	1370	1	2	0	0	1353	2	2	12	25	1586	15	1	0	0	2
18.73447	46.2019	1068	18	19	0	1	0	1291	51	0	0	0	0	20	0	28	1227	59	15	1	16	1457	63	11	3	9	1389	39	5	0	19	1599	74	0	1	2	14
18.42321	46.16033	1160	1512	48	1	0	0	1341	1595	5	0	0	4	48	0	23	1152	1533	42	1	13	1338	1411	15	1	8	1331	1291	12	0	6	1692	1051	5	3	0	8
18.38227	46.5248	1650	41	0	2	0	0	1837	7	1	0	0	0	0	0	5	1788	23	0	2	6	1764	9	0	0	3	1836	4	1	2	2	1760	0	0	0	0	0
18.90381	46.49296	1665	0	0	0	0	0	1693	0	0	0	0	0	0	0	5	1576	1	0	0	1	1663	10	0	0	9	1795	4	19	2	0	1789	6	1	1	0	0
18.69512	46.63372	137	2374	0	0	0	0	156	2636	3	0	0	0	0	0	0	141	2608	0	0	0	311	2332	0	0	0	115	2264	0	0	1	1798	1692	0	0	0	0
18.18581	46.69286	1005	0	0	0	0	0	1285	1	1	0	0	0	0	0	0	1456	39	0	2	1	1654	8	0	0	0	1532	50	0	0	52	1811	8	0	0	0	1
18.3077777777778	46.1254166666667	649	88	1	54	0	0	874	121	27	0	0	5	0	2	24	1204	141	4	10	27	1398	299	10	5	22	1522	200	8	1	26	1827	91	1	1	1	14
18.1513888888889	46.0602777777778	1312	164	5	0	0	0	1623	67	2	0	0	1	0	0	26	1561	121	3	1	15	1722	71	8	0	7	1703	40	1	0	6	1852	152	6	1	2	6
18.60466	46.62426	2003	33	0	0	0	0	2026	26	4	0	0	0	0	0	0	1974	39	0	0	0	1910	14	0	0	4	1938	14	0	0	2	1855	7	0	0	0	5
18.43263	45.79108	464	658	542	1	0	0	542	839	0	0	0	120	477	0	5	561	925	609	1	32	726	1122	661	7	59	916	952	416	3	116	1887	458	49	0	60	9
18.60883	46.71221	1784	11	0	0	0	0	1890	7	0	0	0	0	0	0	0	1853	15	0	0	8	1894	11	0	1	1	1892	23	1	1	52	1914	3	0	0	0	0
18.65336	46.39272	1871	36	0	2	0	0	2069	39	1	0	0	0	6	0	0	2092	25	0	0	25	2102	9	0	1	0	1897	26	0	2	0	1920	14	0	0	0	0
18.58473	46.50812	1683	59	0	0	0	0	1867	12	0	0	0	0	0	0	0	1816	71	0	3	3	2030	46	1	0	0	1918	61	0	0	22	1957	17	0	0	0	13
18.26494	46.19278	227	172	0	0	0	0	182	245	0	0	0	0	0	0	0	525	421	8	1	33	1002	462	3	3	40	1654	320	0	1	2	1979	203	1	1	0	3
18.20811	46.72206	2229	9	0	0	1	0	2119	7	1	0	0	0	0	0	2	1909	3	0	0	1	2054	4	0	0	0	2015	10	0	0	1	1997	5	0	1	0	2
17.84711	45.87247	1435	74	14	2	0	0	1611	30	1	0	0	7	1	0	2	1791	21	15	7	5	1989	23	14	3	68	1992	15	16	0	0	2136	21	6	1	0	0
18.3266666666667	46.1363888888889	730	277	2	133	0	0	851	293	11	0	0	60	0	0	88	1092	279	9	7	125	1090	248	1	2	92	1362	351	2	0	150	2143	189	7	2	0	24
18.2028	46.59066	2098	71	2	0	0	0	2174	157	0	0	0	0	0	0	0	2325	4	0	0	1	2276	32	1	0	0	2263	33	0	0	19	2146	6	0	0	0	10
18.62272	46.56548	1455	24	0	3	0	0	1628	31	2	0	0	0	0	0	19	1816	15	2	1	2	2046	24	0	0	19	1999	19	0	0	15	2176	4	0	0	0	0
18.23578	46.74783	1648	6	0	1	0	0	1816	2	1	0	0	0	0	0	1	1856	0	0	0	5	1911	4	0	0	9	2067	0	0	0	0	2238	1	0	0	0	0
18.41841	46.49697	745	2459	1	9	0	0	784	2840	8	1	1	0	1	1	5	1473	2393	2	8	3	2366	1582	4	6	1	1757	1967	5	6	5	2239	1407	0	2	0	12
18.48267	46.71884	1364	4	0	0	0	0	1528	11	0	0	0	0	0	0	6	1659	1	0	0	0	2066	6	0	0	0	1998	3	0	0	8	2280	3	0	0	0	1
18.38823	46.58025	2134	7	0	2	11	0	2458	19	0	0	0	0	0	0	22	2433	18	0	0	0	2429	21	0	2	2	2290	10	0	0	1	2309	4	0	0	0	8
18.95791	46.6879	2120	2	0	1	0	0	2231	3	0	0	0	0	1	0	0	2100	7	1	0	0	2185	1	1	0	0	2321	4	1	1	0	2324	0	0	1	0	0
18.18581	46.69286	2876	10	0	3	0	0	2956	11	7	0	0	0	0	0	0	2647	7	1	0	0	2721	5	1	0	28	2717	7	0	3	0	2553	4	0	0	0	2
18.35077	46.16414	1830	302	1	0	1	0	2074	278	1	0	0	1	0	10	3	2026	449	1	0	37	2505	185	5	1	16	2493	71	4	0	3	2668	8	0	4	0	106
17.98719	46.04016	1493	61	7	16	0	0	1774	14	30	0	0	2	0	0	0	2269	43	9	28	5	2691	22	4	5	2	2473	47	5	5	38	2729	25	1	1	0	0
18.29476	46.50648	2777	45	0	7	0	0	2988	67	6	0	0	0	0	0	2	2751	33	0	0	7	2772	13	0	0	2	2711	38	0	2	13	2735	14	0	0	0	7
18.72307	46.19373	1333	5198	215	5	0	0	1649	6189	1	0	0	1	266	0	47	1968	5287	205	0	61	2119	5605	240	2	73	1882	5418	158	1	38	2756	4555	19	2	1	3
18.82962	46.38638	2208	7	4	0	10	0	2510	14	23	56	0	0	30	0	0	2502	18	0	15	128	2802	8	6	6	110	2878	1	1	0	6	2783	0	0	2	1	15
18.1095	46.53897	3158	14	0	1	0	0	3404	28	9	0	0	0	0	0	2	3309	8	6	1	0	3179	7	0	0	8	2950	4	0	0	3	2849	7	1	1	0	2
18.81771	46.52852	2192	4	0	0	0	0	2311	10	0	0	0	0	0	0	0	2484	10	0	2	9	2883	12	0	0	12	2801	1	0	1	0	2942	2	0	0	0	0
18.75749	46.3137	2446	77	39	1	7	0	3232	276	2	176	0	1	33	0	14	3079	240	14	5	176	3341	74	1	4	34	3315	101	10	1	25	3280	102	2	1	1	52
18.278328	46.613656	2805	94	0	9	0	0	3524	25	2	0	0	0	0	0	0	3875	52	0	1	2	3710	55	3	0	103	3690	40	0	18	14	3287	27	0	0	0	3
18.71117	46.52878	1665	13	0	0	0	0	2245	9	0	10	0	0	0	0	3	2794	18	1	3	3	3092	541	0	3	16	3360	422	0	1	0	3408	91	0	0	0	0
18.65565	46.62749	2597	49	0	1	9	0	2761	67	2	0	0	0	1	0	53	3077	32	1	0	12	3378	30	1	1	31	3725	33	2	0	6	3564	22	1	0	0	4
18.43935	46.68095	3087	527	0	13	1	0	3543	544	1	0	0	0	0	0	0	4022	45	0	5	1	3929	616	4	11	35	4024	591	7	4	26	3885	554	0	0	0	3
18.77027	46.12864	3274	55	0	1	0	0	3818	80	8	74	0	0	2	0	0	3953	78	7	16	26	4055	97	1	0	59	3659	52	0	2	4	3659	18	1	1	1	8
18.5549	46.75444	2655	42	0	6	0	0	2990	48	3	0	0	1	0	0	6	3082	54	0	12	27	3336	35	3	2	23	3171	27	7	3	7	3824	17	1	0	0	1
18.53024	46.29921	1365	4748	4	2	0	0	1800	4867	21	1	0	0	0	3	10	1459	4610	2	10	6	2112	4738	14	7	18	2233	4568	4	1	9	3842	2993	2	2	0	7
18.96736	46.74102	4167	21	0	0	0	0	4444	25	0	0	0	0	0	0	7	4361	22	0	1	7	4577	5	5	0	2	4271	32	2	1	2	4153	11	0	0	0	4
18.23953	46.42178	3325	31	0	0	1	0	3684	29	7	0	0	1	0	0	0	3920	9	0	10	0	4146	12	0	0	4	4062	34	2	0	16	4189	10	2	0	0	1
18.4001	46.75133	3886	16	2	2	0	0	4342	6	1	0	0	0	0	0	0	4434	8	0	0	0	4580	15	0	5	12	4622	2	0	0	3	4288	4	1	0	0	2
18.76	46.28428	2534	51	32	1	1	0	3125	60	1	0	0	0	14	0	2	3083	133	34	0	1	3427	225	14	4	29	3818	407	21	1	73	4349	354	5	2	4	95
18.75865	46.08663	2600	1567	545	3	2	0	2984	1776	1	0	0	4	618	0	2	3435	1570	593	2	0	3694	1543	603	4	37	3754	1418	368	12	79	4465	1004	51	5	2	2
18.2641666666667	46.1080555555556	1195	1033	23	103	114	328	1724	1265	31	0	0	28	0	262	220	2168	1409	17	29	308	3148	767	17	11	138	3637	575	22	11	120	4555	73	2	5	0	23
18.81925	46.46476	4794	17	0	0	0	0	5460	49	1	0	0	0	0	0	3	5461	44	3	0	24	5975	29	0	3	8	5815	16	7	0	11	4730	8	1	0	1	1
18.29752	45.85499	3540	491	173	9	1	0	3668	799	26	0	0	28	159	3	273	4185	616	117	10	38	5076	456	224	14	20	5041	310	125	321	36	5302	363	53	5	4	13
18.30474	46.62319	4253	77	1	1	0	0	4843	39	0	0	0	1	0	0	2	5202	42	1	4	1	5486	33	2	4	3	5715	58	4	6	14	5604	49	0	4	0	10
18.15	46.38333	2926	52	2	22	0	0	3852	70	19	1	0	3	1	0	21	4377	66	1	9	40	4718	66	2	7	32	5001	146	11	2	11	6056	95	1	5	0	5
18.79025	46.42363	2953	4364	2	64	2	32	4390	3493	35	0	0	0	3	6	27	4075	3997	362	54	22	6636	1952	238	6	18	5132	3084	6	9	5	6995	1002	18	1	0	1
18.13696	46.37657	2532	92	2	0	0	0	3092	170	18	0	0	15	1	0	4	4116	255	12	5	4	6534	174	27	3	41	8220	320	18	7	42	8676	278	13	4	1	12
18.92638	46.80799	11967	119	14	18	0	0	12208	127	23	0	0	5	0	0	1	12024	62	7	6	18	11995	53	11	11	14	11598	93	9	12	13	11262	46	5	8	3	6
18.85962	46.62648	9108	1332	2	9	93	0	9157	2644	0	0	0	0	0	0	2	9558	2443	14	6	13	11261	1263	20	3	10	10983	1034	9	4	11	11672	147	1	2	0	11
18.68306	45.99306	6475	1638	3632	26	0	38	7991	2173	13	0	0	1330	2775	0	121	9664	1999	1347	29	2793	10634	2081	948	10	3372	9836	2159	897	22	2927	13095	1920	245	12	2049	30
18.70905	46.35014	10897	484	11	19	16	30	13764	476	21	2	1	9	6	0	46	13417	400	12	25	40	14452	412	31	16	0	13631	299	13	18	0	13933	299	10	9	0	0
18.23333	46.08333	20437	5121	348	431	280	1236	25268	6508	316	0	0	397	37	215	1324	33959	7717	882	215	1159	41628	6356	813	162	828	40655	5034	371	115	1351	57083	3893	245	90	20	307
